0 1.390342e-04 9.547880e-05 1.900353e-05 1.390342e-04 8.656381e-05
1 5.676047e-05 5.676047e-05 9.000009e-06 2.523508e-04 1.222037e-06
2 2.353376e-04 1.639345e-04 3.119655e-05 1.508733e-04 1.043047e-04
3 1.297719e-04 1.297719e-04 2.172623e-05 1.215176e-04 1.711814e-06
4 2.886907e-04 2.026987e-04 4.275751e-05 1.320467e-04 4.524811e-05
5 2.204763e-04 2.204763e-04 4.010970e-05 1.171944e-04 9.962989e-07
6 3.525870e-04 2.466824e-04 6.143301e-05 7.897401e-05 5.865335e-06
7 3.481508e-04 3.481508e-04 7.041852e-05 6.366641e-05 8.212966e-07
8 4.833509e-04 3.362548e-04 9.700503e-05 5.243419e-05 3.481715e-06
9 5.293075e-04 5.293075e-04 1.206163e-04 4.500214e-05 1.764883e-06
10 6.781710e-04 4.713777e-04 1.592559e-04 3.733525e-05 8.098874e-06
11 7.753661e-04 7.753661e-04 2.025296e-04 4.795352e-05 8.097046e-06
12 9.610456e-04 6.666269e-04 2.630825e-04 3.114531e-05 4.330994e-05
13 1.130358e-03 1.130358e-03 3.429847e-04 1.115597e-04 1.293200e-05
14 1.381186e-03 9.554605e-04 4.436047e-04 3.485996e-05 8.882400e-05
15 1.643297e-03 1.643297e-03 5.755778e-04 1.601018e-04 1.060742e-05
16 1.991060e-03 1.374207e-03 7.692523e-04 3.075101e-05 8.773114e-05
17 2.385766e-03 2.385766e-03 1.034976e-03 1.205271e-04 1.193513e-05
18 2.887991e-03 1.986882e-03 1.420052e-03 1.574944e-05 4.258848e-05
19 3.478129e-03 3.478129e-03 1.986927e-03 4.131941e-05 1.279971e-05
20 4.207170e-03 2.884953e-03 2.931812e-03 6.152545e-06 1.843673e-05
