4 0.440003 0.283638 0.240149 0.451464 0.143424
5 0.232893 0.218067 0.100533 0.205784 0.0668172
6 0.17699 0.123564 0.0528236 0.162677 0.0487994
7 0.106614 0.0991145 0.0356392 0.095295 0.0282763
8 0.0776521 0.0567483 0.0196952 0.0714862 0.0267978
9 0.0499564 0.0463027 0.0129014 0.0446235 0.0127497
10 0.035313 0.0262667 0.00777154 0.0318915 0.0101805
11 0.0233997 0.0216989 0.00455745 0.0209572 0.00626778
12 0.0163257 0.0122887 0.00297765 0.0148572 0.00475225
13 0.011046 0.0102579 0.00198318 0.0100925 0.00293622
14 0.00768735 0.00582899 0.00141864 0.00709589 0.00215459
15 0.0052689 0.00489896 0.00115407 0.00486668 0.00142176
16 0.00366364 0.00278715 0.000733895 0.0033963 0.00100731
17 0.00252812 0.00235366 0.000455909 0.00234514 0.000678993
18 0.00175847 0.00134052 0.000332538 0.00163742 0.000474486
19 0.00121936 0.00113676 0.000191428 0.00113834 0.000339178
