0 8.385993e-03 6.636811e-03 1.288270e-03 8.385993e-03 4.634452e-03 7.242755e-04
1 1.711784e-03 1.711784e-03 3.477691e-04 1.587877e-02 1.280985e-03 2.092081e-04
2 1.061956e-02 8.472921e-03 1.537011e-03 8.146302e-03 3.954913e-03 1.224273e-04
3 3.230946e-03 3.230946e-03 9.107595e-04 6.168010e-03 1.109940e-03 4.247750e-04
4 1.046547e-02 8.361817e-03 1.785037e-03 6.461314e-03 3.912385e-04 5.442382e-04
5 5.065486e-03 5.065486e-03 1.450363e-03 5.773460e-03 1.738655e-04 6.505000e-04
6 1.189143e-02 9.458700e-03 2.444788e-03 5.554355e-03 4.765712e-04 6.232735e-04
7 7.700099e-03 7.700099e-03 2.244863e-03 5.615210e-03 2.497713e-04 9.017280e-04
8 1.365748e-02 1.087274e-02 3.214665e-03 4.727507e-03 5.683844e-04 7.355413e-04
9 1.019724e-02 1.019724e-02 3.310113e-03 5.070214e-03 2.258104e-04 1.168988e-03
10 1.544933e-02 1.228518e-02 4.303672e-03 3.810531e-03 6.131796e-04 1.024828e-03
11 1.327343e-02 1.327343e-02 4.763520e-03 5.155145e-03 5.020447e-04 1.426626e-03
12 1.824994e-02 1.449181e-02 5.840776e-03 3.150097e-03 2.262556e-03 1.314444e-03
13 1.701563e-02 1.701563e-02 6.829624e-03 7.453506e-03 9.865857e-04 1.697297e-03
14 2.160919e-02 1.715234e-02 8.208906e-03 2.577320e-03 3.340160e-03 1.610362e-03
15 2.121421e-02 2.121421e-02 9.470329e-03 8.547913e-03 1.533901e-03 1.986559e-03
16 2.584134e-02 2.047496e-02 1.178789e-02 1.999901e-03 2.751430e-03 1.931200e-03
17 2.657798e-02 2.657798e-02 1.408361e-02 6.118359e-03 1.433753e-03 2.289623e-03
18 3.142194e-02 2.487332e-02 1.755654e-02 1.413199e-03 1.360336e-03 2.267670e-03
19 3.305905e-02 3.305905e-02 2.105475e-02 3.186773e-03 2.756672e-03 2.610950e-03
20 3.815009e-02 3.015426e-02 2.809204e-02 9.903669e-04 2.022012e-03 2.621282e-03
