4 1.3707 0.710498 0.656796 2.20275 0.381405 0.416217
5 0.597511 0.614972 0.298414 0.702764 0.146132 0.425988
6 0.749501 0.456491 0.219545 1.1057 0.162043 0.222775
7 0.409007 0.411253 0.164521 0.502775 0.0768952 0.246916
8 0.450062 0.303035 0.126457 0.642265 0.131813 0.118239
9 0.277414 0.276356 0.0904417 0.335562 0.0578568 0.144777
10 0.279909 0.20037 0.0692452 0.374082 0.0748432 0.0588785
11 0.186535 0.184684 0.0493362 0.229947 0.0407176 0.0843016
12 0.177975 0.1341 0.0370778 0.237787 0.0534047 0.0290352
13 0.126531 0.124602 0.0294073 0.160822 0.0303826 0.04889
14 0.116095 0.0906236 0.0240191 0.154729 0.0372843 0.0137004
15 0.0861661 0.0845578 0.0226922 0.109439 0.0225628 0.0287079
16 0.0766681 0.0612745 0.0173314 0.100413 0.0252831 0.00706341
17 0.0586117 0.0574169 0.0119619 0.0745586 0.0153874 0.0169656
18 0.0511058 0.0416274 0.0106251 0.0668565 0.0167536 0.00357939
19 0.0400063 0.0391407 0.00784436 0.0514483 0.0109136 0.0100838
