1.0 30 1.171872e-02 2.506370e+01
1.0 45 1.164423e-03 3.390717e+01
1.0 60 1.102217e-04 4.827771e+01
1.0 75 1.008468e-05 6.386627e+01
1.0 90 8.669293e-07 8.723905e+01
1.0 105 7.719545e-08 1.126188e+02
1.0 120 7.131394e-09 1.369947e+02

0.3 100 1.008672e-02 4.686613e+01
0.3 150 9.067090e-04 7.725561e+01
0.3 200 7.839454e-05 1.252685e+02
0.3 250 6.813349e-06 1.868253e+02
0.3 300 6.161675e-07 2.511466e+02
0.3 350 5.468525e-08 3.368681e+02
0.3 400 4.908786e-09 4.357710e+02

0.03 1000 9.586594e-03 3.355924e+02
0.03 1500 8.585353e-04 6.322890e+02
0.03 2000 7.658186e-05 1.113494e+03
0.03 2500 6.742337e-06 1.707766e+03
0.03 3000 5.983452e-07 2.325863e+03
0.03 3500 5.270807e-08 3.178911e+03
0.03 4000 4.651857e-09 4.170874e+03
