 7 3.862405e-02 5.035709e-03
 8 5.198097e-02 2.919121e-03
 9 8.149385e-02 1.524428e-03
10 9.582686e-02 1.053558e-03
11 1.311419e-01 2.633954e-04
12 1.638789e-01 1.817249e-04
13 2.110171e-01 6.978113e-05
14 2.474110e-01 3.304696e-05
15 2.968111e-01 1.571389e-05
16 3.517730e-01 9.677542e-06
17 4.131391e-01 4.201699e-06
18 4.859459e-01 1.923819e-06
19 5.632451e-01 8.563438e-07
20 6.342130e-01 4.511099e-07
21 7.206450e-01 2.081970e-07
22 8.089521e-01 1.055152e-07
23 9.075210e-01 4.904338e-08
24 9.908562e-01 2.521304e-08
25 1.090244e+00 1.297848e-08
26 1.201259e+00 5.771755e-09
27 1.305686e+00 2.665997e-09
28 1.398868e+00 1.280898e-09