1.0 2 1.739498e-02 2.338551e+01
1.0 3 6.475071e-04 3.579023e+01
1.0 4 1.794105e-05 5.652540e+01
1.0 5 4.136005e-07 8.075814e+01
1.0 6 6.836627e-09 1.129883e+02

0.3 3 6.822201e-03 4.122192e+01
0.3 4 5.012561e-04 6.759857e+01 
0.3 5 3.452639e-05 9.327991e+01
0.3 6 1.720248e-06 1.313863e+02
0.3 7 8.461793e-08 1.658268e+02
0.3 8 3.013260e-09 2.144684e+02

0.03 4 1.400463e-02 1.486678e+02
0.03 5 3.395398e-03 2.421816e+02
0.03 6 5.884574e-04 3.702125e+02
0.03 7 1.200000e-04 5.234669e+02
0.03 8 1.908910e-05 6.819291e+02
0.03 9 3.274692e-06 8.462889e+02
0.03 10 5.722057e-07 1.009255e+03
0.03 11 8.713702e-08 1.199094e+03
0.03 12 1.256058e-08 1.362961e+03