1 6 8.792210e-02 1.147430e-01 1.765780e-01 18844
2 13 3.216951e-01 3.923609e-01 7.590089e-01 19480
3 19 4.638422e-01 7.835791e-01 1.748720e+00 20416
4 38 1.551948e+00 3.004201e+00 8.833641e+00 23020
5 43 1.904522e+00 3.635106e+00 1.154194e+01 23988
6 55 3.669163e+00 6.973325e+00 2.097076e+01 26108
7 79 8.477400e+00 1.682546e+01 5.805974e+01 30688
8 92 1.346481e+01 2.670938e+01 8.265733e+01 33388
9 116 1.938112e+01 4.292260e+01 1.772778e+02 38640
10 140 3.066838e+01 7.710709e+01 3.511611e+02 43324
11 164 4.124831e+01 1.082137e+02 5.190622e+02 49228
12 201 5.885485e+01 1.794110e+02 8.661032e+02 58272
13 249 8.505520e+01 2.945011e+02 1.612164e+03 69660
14 297 1.223405e+02 4.428282e+02 2.505386e+03 81564
15 369 1.717529e+02 7.358970e+02 3.954797e+03 101040
16 466 2.643385e+02 1.280252e+03 7.376410e+03 126692
17 579 3.504449e+02 1.890981e+03 1.145016e+04 156756
18 730 5.116902e+02 2.833628e+03 1.994470e+04 199196
19 928 7.707908e+02 4.648583e+03 3.518848e+04 255792
20 1192 1.162141e+03 7.031906e+03 6.298005e+04 331572
21 1416 1.357348e+03 9.090477e+03 9.178034e+04 395876
22 1841 1.802052e+03 1.385187e+04 1.654717e+05 522300
23 2190 2.260543e+03 1.771780e+04 0 627580
24 2790 2.984886e+03 2.581372e+04 0 809976
25 3732 4.017759e+03 3.967302e+04 0 1104688
26 4676 4.954872e+03 5.482611e+04 0 1399500
27 5793 6.216660e+03 7.445409e+04 0 1749380
28 7275 7.867777e+03 9.921157e+04 0 2226524
29 9003 1.004183e+04 1.266720e+05 0 2776372
30 11429 1.232414e+04 1.704258e+05 0 3562484
31 14590 1.591214e+04 0 0 4598204
32 18396 2.074435e+04 0 0 5843900
33 23269 2.642215e+04 0 0 7452836
34 29131 3.251432e+04 0 0 9406280
35 36592 4.263987e+04 0 0 11888720
36 46439 5.620781e+04 0 0 15195256
37 58325 6.669878e+04 0 0 19199480
38 73344 8.597669e+04 0 0 24285376
39 92462 1.160109e+05 0 0 30784004
40 118257 1.377248e+05 0 0 39576192
