1 6 5.342102e-02 5.984092e-02 6.830692e-02 352008
2 13 7.878304e-02 9.155202e-02 1.064620e-01 362068
3 19 1.141770e-01 1.292992e-01 1.508782e-01 374684
4 38 1.511030e-01 1.734810e-01 2.141628e-01 433500
5 43 1.842110e-01 2.125030e-01 2.679181e-01 453340
6 55 2.637491e-01 3.062129e-01 3.875430e-01 501856
7 79 3.771501e-01 4.296739e-01 5.315399e-01 559520
8 92 4.604521e-01 5.269291e-01 6.533289e-01 612664
9 116 7.965188e-01 9.274769e-01 1.186663e+00 700820
10 140 1.020992e+00 1.188146e+00 1.525172e+00 743796
11 164 1.206867e+00 1.397942e+00 1.783184e+00 853296
12 201 1.826943e+00 2.132892e+00 2.758401e+00 986900
13 249 2.579447e+00 3.034999e+00 3.934893e+00 1088192
14 297 3.384022e+00 4.002341e+00 5.221056e+00 1261724
15 369 5.584515e+00 6.640449e+00 8.787152e+00 1527764
16 466 7.168484e+00 8.513088e+00 1.122892e+01 1852048
17 579 1.069585e+01 1.278839e+01 1.699043e+01 2182200
18 730 1.445203e+01 1.725386e+01 2.295250e+01 2646948
19 928 2.815759e+01 3.409928e+01 4.591209e+01 3686600
20 1192 3.721607e+01 4.515362e+01 6.057943e+01 4305928
21 1416 5.306076e+01 6.457969e+01 8.706614e+01 5263556
22 1841 8.463853e+01 1.028156e+02 1.407552e+02 7129820
23 2190 1.167756e+02 1.426867e+02 1.953237e+02 8611792
24 2790 1.994068e+02 2.466143e+02 3.392097e+02 11902664
25 3732 3.655019e+02 4.521656e+02 6.240524e+02 17234640
26 4676 5.318129e+02 6.592921e+02 9.036934e+02 22391408
27 5793 1.228329e+03 1.527176e+03 2.124247e+03 32927992
28 7275 2.004673e+03 2.496035e+03 3.472191e+03 45531984
29 9003 3.015077e+03 3.764832e+03 5.240223e+03 59957376
