1 6 6.315899e-02 7.301497e-02 1.052489e-01 19012
2 13 1.338379e-01 2.146859e-01 3.857701e-01 19328
3 19 2.304628e-01 3.685141e-01 8.621469e-01 19804
4 38 9.854090e-01 1.575588e+00 4.447822e+00 22440
5 43 1.136782e+00 1.849267e+00 5.755016e+00 22768
6 55 1.579477e+00 3.510491e+00 1.050853e+01 25512
7 79 3.243782e+00 8.341287e+00 2.910117e+01 30108
8 92 4.362176e+00 1.327987e+01 4.143760e+01 32252
9 116 6.553414e+00 2.227053e+01 8.779805e+01 38100
10 140 8.696967e+00 3.820833e+01 1.767839e+02 42724
11 164 1.136044e+01 5.413086e+01 2.590639e+02 48808
12 201 1.553295e+01 8.939730e+01 4.325449e+02 57860
13 249 2.118314e+01 1.389158e+02 8.067146e+02 69508
14 297 2.723648e+01 1.976564e+02 1.245578e+03 81740
15 369 3.717957e+01 3.068243e+02 1.978404e+03 100712
16 466 5.051101e+01 4.579439e+02 3.681267e+03 125768
17 579 6.592310e+01 6.542625e+02 5.686125e+03 155440
18 730 8.948711e+01 9.478854e+02 9.971500e+03 196464
19 928 1.186800e+02 1.381763e+03 1.760410e+04 251512
20 1192 1.628953e+02 1.973412e+03 3.140155e+04 325240
21 1416 1.974126e+02 2.477435e+03 4.585630e+04 387988
22 1841 2.669146e+02 3.516290e+03 8.270989e+04 511048
23 2190 3.232331e+02 4.504893e+03 1.191465e+05 613568
24 2790 4.246326e+02 5.992857e+03 0 791248
25 3732 5.828841e+02 8.614313e+03 0 1078652
26 4676 7.445429e+02 1.129428e+04 0 1366064
27 5793 9.358833e+02 1.408919e+04 0 1707268
28 7275 1.189382e+03 1.836179e+04 0 2172856
29 9003 1.490866e+03 2.402083e+04 0 2709224
30 11429 1.906730e+03 3.133259e+04 0 3476496
31 14590 2.459873e+03 4.113225e+04 0 4487684
32 18396 3.126967e+03 5.283168e+04 0 5703992
33 23269 3.993800e+03 6.814524e+04 0 7275276
34 29131 5.020212e+03 8.673920e+04 0 9183392
35 36592 6.363648e+03 1.104285e+05 0 11608372
36 46439 7.858466e+03 1.429025e+05 0 14839184
37 58325 9.813041e+03 0 0 18752008
38 73344 1.236063e+04 0 0 23722452
39 92462 1.567516e+04 0 0 30074224
40 118257 2.009775e+04 0 0 38668432
41 147570 2.516247e+04 0 0 48451468
