1 6 1.472807e-02 19852
2 13 2.597284e-02 21024
3 19 3.761601e-02 23336
4 38 1.190622e-01 34204
5 43 1.420059e-01 34468
6 55 2.306368e-01 41024
7 79 4.887860e-01 61536
8 92 6.452901e-01 68556
9 116 1.097725e+00 84340
10 140 1.864375e+00 104424
11 164 2.200606e+00 125116
12 201 3.718637e+00 189480
13 249 6.372913e+00 247164
14 297 1.111697e+01 311624
15 369 1.812201e+01 399376
16 466 3.370265e+01 636612
17 579 5.350376e+01 845072
18 730 8.897637e+01 1163292
19 928 1.592389e+02 1784188
20 1192 3.003606e+02 2542800
21 1416 5.527440e+02 3527684
22 1841 8.893772e+02 5454660
23 2190 1.319848e+03 7330744
24 2790 2.588857e+03 11414152
25 3732 5.378930e+03 19567104
26 4676 1.082015e+04 29966908
27 5793 2.127241e+04 45171996
